read ../Davidson_algorithm/m_pp_hBN.dat
Davidson
iter=     1  Rnorm=  1.946e+01  size(V,2)=   108
iter=     2  Rnorm=  1.598e+01  size(V,2)=   216
iter=     3  Rnorm=  1.120e+01  size(V,2)=   324
iter=     4  Rnorm=  4.627e+00  size(V,2)=   432
iter=     5  Rnorm=  2.297e+00  size(V,2)=   540
iter=     6  Rnorm=  3.297e+00  size(V,2)=   648
iter=     7  Rnorm=  1.652e+00  size(V,2)=   756
iter=     8  Rnorm=  9.788e-01  size(V,2)=   864
iter=     9  Rnorm=  3.525e-01  size(V,2)=   972
iter=    10  Rnorm=  3.671e-02  size(V,2)=  1080
iter=    11  Rnorm=  4.182e-03  size(V,2)=  1188
iter=    12  Rnorm=  5.787e-04  size(V,2)=  1296
converged!
 31.467486 seconds (11.61 k allocations: 2.527 GiB, 1.50% gc time)
Full diagonalization
 67.217520 seconds (25 allocations: 1.055 GiB, 0.08% gc time)
1×108 adjoint(::Vector{Float64}) with eltype Float64:
 -8.32444  -8.32426  -8.32426  -8.324  -8.324  -8.32377  -8.24973  -8.24973  -8.24613  -8.14818  -8.14818  -7.96666  -7.96666  -7.90118  -7.90111  -7.90111  -7.90104  -7.90104  -7.90097  -7.7688  -7.76864  -7.76864  -7.76859  -7.76859  -7.76843  -7.73882  -7.73834  -7.73834  -7.73767  -7.73767  -7.73707  -7.40376  -7.40376  -7.23998  -7.18075  -7.18074  -7.05367  -7.05367  -6.90062  -6.90051  -6.90051  -6.90029  -6.90029  -6.90015  -6.81248  -6.81248  -6.75086  -6.75067  -6.75067  -6.74982  -6.74982  -6.74978  -6.71785  -6.49485  -6.49485  -6.35367  -6.35367  -6.27374  -6.2737  -5.86353  -5.86325  -5.86325  -5.86272  -5.86272  -5.86238  -5.82949  -5.82939  -5.82939  -5.8293  -5.8293  -5.82922  -5.70369  -5.7036  -5.7036  -5.7031  -5.7031  -5.70301  -4.83279  -4.83279  -4.69283  -4.69282  -4.29784  -4.29783  -4.06392  -3.98963  -3.98955  -3.98955  -3.98935  -3.98935  -3.98927  -3.88355  -3.88348  -3.88348  -3.88324  -3.88324  -3.88316  -3.87216  -3.87216  -3.70331  -3.7033  -3.70329  -3.70317  -3.70317  -3.70315  -3.70052  -3.70052  -3.69565  -3.69564
1×108 adjoint(::Vector{Float64}) with eltype Float64:
 5.32907e-15  -1.77636e-15  0.0  0.0  0.0  1.42109e-14  7.10543e-15  -1.77636e-15  0.0  -5.32907e-15  -8.88178e-15  0.0  4.44089e-15  -2.66454e-15  -1.06581e-14  1.77636e-15  1.24345e-14  -1.77636e-15  -8.88178e-15  -4.44089e-15  0.0  -8.88178e-16  8.88178e-16  7.10543e-15  -3.55271e-15  8.88178e-16  0.0  -7.99361e-15  -8.88178e-16  9.76996e-15  -5.32907e-15  -8.88178e-16  -1.77636e-15  -1.33227e-14  -6.21725e-15  -2.66454e-15  -5.32907e-15  -4.44089e-15  -7.10543e-15  7.99361e-15  -2.66454e-15  -7.10543e-15  -2.66454e-15  -5.32907e-15  9.70868e-12  8.08242e-13  -5.32907e-15  -4.44089e-15  -2.66454e-15  5.32907e-15  0.0  -8.88178e-16  -5.32907e-15  -7.99361e-15  -1.06581e-14  0.0  3.55271e-15  -7.10543e-15  0.0  1.77636e-15  -4.44089e-15  -9.76996e-15  -1.77636e-15  -6.21725e-15  -8.88178e-16  8.88178e-16  -2.66454e-15  -7.99361e-15  -8.88178e-16  0.0  0.0  3.55271e-15  2.66454e-15  -6.21725e-15  1.77636e-15  -7.10543e-15  1.68754e-14  0.0  -5.32907e-15  7.77826e-9  9.65843e-8  2.14406e-12  6.39488e-13  3.55271e-15  1.27953e-9  2.72304e-10  2.77476e-10  2.50245e-10  2.39983e-10  6.44461e-10  2.06946e-12  2.19069e-12  7.63123e-12  1.00844e-11  6.55342e-12  1.33933e-11  7.54952e-15  4.44089e-15  0.0452292  1.44075e-7  1.17495e-5  0.000120445  4.12356e-8  1.99718e-5  0.00263565  3.78452e-8  0.00486732  1.07039e-5
